-2.203895,-0.335820,0
-0.433978,1.454293,0
0.493845,-1.039381,0
-1.096885,-2.595201,0
0.700542,-3.618024,0
-2.426773,-0.763396,0
-1.647973,-0.811227,0
-1.753314,0.730865,0
0.320792,0.130895,0
0.976816,-1.267973,0
-0.534775,2.439572,0
-3.295473,0.637587,0
-0.068767,-0.453003,0
1.877624,-1.410273,0
-1.929918,0.126192,0
-0.825241,-0.318460,0
-0.151906,-0.474121,0
-2.105918,0.486357,0
2.004860,-1.933661,0
0.460269,1.721177,0
-1.382076,-1.882064,0
-1.517116,-2.218102,0
1.634796,-0.037044,0
-4.954021,-4.247492,0
-2.841703,0.931905,0
-0.705959,0.427484,0
-1.223699,-2.412302,0
-1.791881,0.136320,0
-1.057666,-1.917553,0
-2.686775,0.287945,0
-0.206667,1.930259,0
0.028205,-1.971887,0
1.166228,-0.583403,0
-2.768276,0.652137,0
-1.119030,-0.760626,0
-0.749006,-2.521093,0
0.417270,3.137184,0
0.048745,0.409878,0
-3.282721,-0.468155,0
-1.928691,-0.502321,0
-1.480559,-0.298942,0
-2.226096,-0.465436,0
-1.172153,2.251335,0
-0.275272,-1.679177,0
-0.937586,-0.951109,0
0.849070,0.313370,0
0.594036,-2.447965,0
-1.231112,-1.191036,0
-0.846387,-0.416024,0
-0.844158,-1.120622,0
-2.531774,-1.417522,0
-2.221399,-1.320894,0
-0.265330,-0.184142,0
0.219279,-1.053162,0
-2.357011,-0.528218,0
-2.705878,-0.218903,0
-0.090496,-0.678088,0
-0.505879,-1.574706,0
-2.293298,-2.726037,0
-1.407408,0.010573,0
0.056191,-0.869543,0
0.724848,-0.226513,0
-1.486744,-0.581938,0
-0.503426,-2.146117,0
-1.713762,-2.248918,0
-0.191822,-0.154144,0
-2.837440,0.694628,0
0.203682,-1.394915,0
-2.027915,0.264764,0
-0.628595,-0.686196,0
-1.581236,-0.273360,0
-2.276647,-1.900253,0
-2.588250,0.014423,0
-1.285443,-2.737214,0
-0.034927,2.242513,0
0.360627,-4.398555,0
-3.299964,-0.161425,0
-0.491514,-0.486930,0
-1.809057,-1.289722,0
-1.443787,-0.782708,0
-2.429225,-2.993970,0
-2.393475,-0.363576,0
-0.436212,2.659764,0
-2.877922,-1.574000,0
-1.657102,0.310591,0
-1.993619,-0.174365,0
-0.633321,0.183339,0
-0.812090,-0.875948,0
-2.328459,-0.551492,0
-1.438639,-1.785064,0
-0.218025,-2.048097,0
0.217414,-2.207403,0
-2.375942,0.723755,0
2.566859,2.693988,0
-0.432454,-1.215860,0
0.021309,0.144452,0
0.105055,-0.068393,0
-2.062915,-2.071397,0
0.971739,-1.679069,0
1.333508,-2.255469,0
0.122088,-2.990181,0
1.065720,-1.635151,0
-2.104040,2.510032,0
-3.145192,-3.787118,0
-0.298822,-1.822692,0
-2.730806,0.277236,0
-0.683244,-2.115875,0
1.268945,-0.846854,0
-1.444446,1.712586,0
1.593296,0.087196,0
-1.853153,-3.316270,0
-0.044345,-3.362299,0
-0.923636,-1.927510,0
0.138374,0.420243,0
-1.902917,-1.743701,0
2.294379,-1.385407,0
-2.278970,0.278966,0
-1.516342,-0.919053,0
0.246863,-1.162460,0
-3.549355,0.397735,0
-1.762663,-0.671975,0
-1.838806,-1.308363,0
1.020169,0.344815,0
-2.102496,0.027394,0
-1.553194,-2.917891,0
-0.538050,0.059780,1
-0.212354,-0.484581,1
1.541567,2.840328,1
1.972451,-0.636722,1
2.548981,2.354763,1
-0.524461,1.956506,1
3.314487,-1.005900,1
1.964707,1.182928,1
-0.951609,1.510001,1
-3.304110,1.476617,1
1.424583,0.422649,1
0.813755,0.444651,1
2.141668,2.514098,1
1.952786,0.841603,1
1.845638,2.356897,1
2.224403,0.778962,1
1.948737,1.507890,1
1.843200,2.117713,1
3.235747,1.235034,1
0.817378,0.806529,1
-1.559945,2.255256,1
1.518688,4.544851,1
1.992249,-0.910905,1
-0.053724,-1.080634,1
0.776612,3.227901,1
2.382672,3.339440,1
3.605819,2.340918,1
0.242503,0.885821,1
-0.370819,-1.031392,1
1.006263,-0.670887,1
1.399945,1.805840,1
-0.045909,0.543878,1
-0.187184,3.014458,1
-0.131914,0.727632,1
0.307767,-0.924535,1
-1.658655,1.294079,1
1.763339,3.795754,1
-0.079348,1.456805,1
4.597406,0.220633,1
-0.249825,3.684543,1
0.704419,3.399495,1
0.009782,2.385251,1
-0.190738,2.684430,1
0.327926,0.694217,1
-2.263075,4.467178,1
1.914196,-0.933932,1
2.503208,1.393269,1
1.623701,-0.849721,1
2.613616,2.146485,1
0.699380,-1.057333,1
0.038572,0.960629,1
3.159427,-0.261508,1
2.012494,0.432705,1
0.972998,-1.043099,1
0.318202,1.157793,1
3.441351,3.199438,1
-0.055779,0.644927,1
2.540691,1.827634,1
0.658057,1.553558,1
2.083358,0.243957,1
2.146338,0.743518,1
0.963556,2.137697,1
4.520899,3.877056,1
-1.485749,3.299998,1
-0.993734,2.522606,1
3.983168,1.013461,1
0.736853,1.583234,1
0.561659,0.604628,1
0.718282,3.386082,1
2.456142,2.383603,1
-0.015385,1.462733,1
-1.342391,1.510967,1
0.925306,0.753734,1
2.158013,-0.045095,1
2.300518,4.326570,1
0.996555,0.019043,1
-1.722882,0.837525,1
3.455951,4.943318,1
2.284383,1.521577,1
1.717716,-0.389604,1
-0.033995,-0.434563,1
0.442385,1.671435,1
0.984534,0.639985,1
1.086322,1.291862,1
-1.296757,4.529797,1
0.925142,-1.118503,1
0.064951,0.610525,1
1.115052,-1.495119,1
1.064624,-1.300801,1
0.530922,2.249837,1
0.574545,1.211214,1
3.731922,3.006159,1
1.476319,1.192484,1
-1.178953,0.220623,1
1.976103,-1.728605,1
-0.722052,0.051786,1
1.471965,2.710153,1
0.560666,1.229661,1
1.392225,0.776335,1
2.326777,0.678660,1
3.221810,0.320119,1
2.153354,1.243232,1
2.410262,0.186842,1
1.190706,0.048985,1
-0.145605,1.531216,1
-1.317373,-1.079044,1
1.479643,1.620166,1
1.312693,-0.109902,1
3.491395,0.674853,1
0.023475,2.806734,1
0.869739,0.022093,1
1.041501,1.616481,1
1.300542,0.582933,1
1.969703,0.159899,1
0.742444,1.997634,1
1.799493,1.132934,1
-1.237746,0.192465,1
1.179471,-2.356810,1
2.016277,-0.404045,1
1.976970,2.228937,1
-0.557356,-0.630263,1
1.677922,1.800561,1
-0.001777,1.147899,1
1.527139,0.934123,1
0.665137,2.740335,1
