-1.779645,0.692794,0
-1.817472,1.440241,0
-0.980562,1.078321,0
-0.870204,-0.783152,0
-1.603650,1.267194,0
0.268521,-0.313995,0
0.943735,-1.818564,0
-0.787328,0.570520,0
-1.187365,-0.961652,0
-1.159203,-0.304396,0
-1.589767,-0.235716,0
-0.073644,0.183917,0
-2.699086,-1.240229,0
-1.792097,-0.441519,0
-1.100724,-0.255763,0
-1.709450,-0.198411,0
1.266329,0.230585,0
-1.344112,-0.383871,0
-2.289087,-1.003701,0
-1.872707,-1.011157,0
-0.799211,-0.336671,0
-0.026320,-0.282996,0
-1.737282,0.353408,0
-1.991561,1.683827,0
0.643829,1.056286,0
2.034845,-0.666761,0
-1.552627,-0.742847,0
-0.994529,-0.080216,0
-1.897242,-1.406814,0
-0.648814,1.422639,0
0.149919,0.881883,0
-1.667328,0.342136,0
-2.404688,-1.504331,0
-2.773859,1.593201,0
-2.665996,0.338384,0
0.470250,2.375254,0
-2.136879,-1.044492,0
1.056808,0.254281,0
-1.232044,2.460915,0
-0.515071,1.356535,0
-1.932114,1.094343,0
0.909404,0.087364,0
0.654171,2.525564,0
-1.041266,0.725210,0
-0.510345,0.404481,0
-0.390181,1.065795,0
-0.729794,1.735067,0
-1.517296,0.883904,0
-1.327466,-0.451730,0
-0.316872,0.443233,0
-1.155516,-2.060404,0
-2.461828,0.780209,0
-1.984522,1.046341,0
-2.050251,0.729317,0
-0.729410,-0.913600,0
0.011193,-0.057358,0
-0.883069,-1.917082,0
-0.971107,0.051482,0
-0.957358,-0.413023,0
-1.124607,-1.297448,0
-0.587657,-0.306856,0
-0.617030,0.243947,0
-3.043402,0.077927,0
0.298111,-0.168535,0
0.232217,1.534958,0
-1.178707,2.292751,0
-1.227613,0.450618,0
-0.926902,0.867882,0
-0.399760,0.607087,0
-1.453656,0.828671,0
-0.971562,0.402734,0
0.322302,0.725269,0
-1.023190,0.050129,0
0.441136,-0.841523,0
-1.993566,-1.983739,0
-0.099730,-0.221578,0
-1.996028,-0.342363,0
-1.782694,-2.303435,0
-3.448954,0.365823,0
-0.678805,0.822227,0
-1.010015,-0.979811,0
-2.258250,0.007143,0
0.487022,1.740240,0
-0.914452,-0.778771,0
-2.160491,1.149648,0
-0.143557,1.982394,0
-1.858195,0.487140,0
-2.236015,-1.062432,0
-1.778839,-0.065681,0
-0.505842,-1.014776,0
-0.218540,1.648079,0
-0.939683,-0.695545,0
-0.595653,-0.678116,0
-0.775849,-1.222995,0
-0.019385,1.169642,0
-0.774612,-0.104821,0
-1.432394,0.228288,0
0.259003,-0.322047,0
-0.455091,0.928534,0
-0.644557,-0.713993,0
-0.498921,-0.988200,0
0.720300,2.559328,0
-1.248176,1.664858,0
-0.280991,-0.093999,0
-1.204385,0.661385,0
-0.341921,-0.098173,0
-2.046384,-0.620147,0
-0.804535,0.750645,0
-0.607814,1.256086,0
-1.016642,-0.152471,0
0.416233,-0.383754,0
-0.875835,0.897380,0
0.158278,0.768470,0
0.702229,-0.665031,0
0.419584,-0.829720,0
-0.773167,-0.697352,0
-0.889105,-0.767166,0
-0.701240,-0.031983,0
-1.392607,-2.446795,0
-0.861442,-0.239964,0
-0.761782,-2.746354,0
-1.649618,0.001581,0
-2.380209,-0.448169,0
-0.897923,-0.822912,0
-1.245228,-0.714439,0
1.980394,0.644815,1
1.464296,0.793644,1
2.470057,0.336702,1
-0.641159,-0.092608,1
0.783540,-0.024243,1
0.924363,-1.306370,1
1.768339,1.304723,1
0.828986,1.141581,1
-0.816262,-0.719670,1
1.044204,0.036878,1
2.354431,0.177368,1
1.150286,0.495762,1
1.190513,1.127060,1
1.097166,0.746731,1
0.881450,-0.003672,1
0.610203,0.011441,1
0.117028,-0.500292,1
1.792349,-0.447136,1
1.860112,-0.472369,1
-0.081284,-0.729259,1
1.768412,-1.030262,1
1.052219,-1.477544,1
2.658139,-2.316479,1
2.343880,2.292401,1
2.317235,0.231028,1
1.517660,-1.518150,1
2.437977,1.997627,1
-1.932259,-1.350530,1
1.075574,-1.400366,1
0.549444,0.498038,1
0.743317,-1.612900,1
1.349586,-0.417050,1
-0.520316,-0.225685,1
1.628898,-0.321410,1
1.344478,1.227740,1
1.841171,-0.776661,1
2.454362,-1.887804,1
1.844236,0.435140,1
0.578652,-0.725444,1
2.283732,1.093167,1
0.150314,-0.094477,1
0.979412,-0.422117,1
1.786775,-0.432377,1
2.474651,0.402159,1
1.681887,0.557192,1
2.249012,-0.475424,1
0.917766,0.597055,1
1.419353,0.512429,1
0.411804,-0.335041,1
1.164663,2.328026,1
0.406970,-0.350176,1
2.181991,-1.685730,1
1.056950,-1.281250,1
1.249754,0.312611,1
1.671540,1.126176,1
2.224792,1.110406,1
1.423609,0.765420,1
0.675458,0.444509,1
2.053515,1.927552,1
1.155835,-1.358273,1
1.514013,-1.511889,1
1.626087,0.540523,1
-1.274179,-0.192494,1
2.126759,-1.212326,1
0.079833,1.960442,1
2.580273,-1.398234,1
1.061527,0.443213,1
0.559738,0.655750,1
0.902757,-0.143301,1
-0.006746,0.652833,1
0.967512,-0.630069,1
-0.134069,-0.011258,1
0.676611,0.284731,1
1.566075,0.003298,1
1.036128,1.083736,1
1.368554,-0.623872,1
-1.453457,0.319306,1
1.236470,0.224299,1
1.035270,0.114559,1
1.120466,0.075063,1
1.930742,0.657808,1
0.791773,0.102748,1
0.586267,-1.439010,1
0.730054,0.668490,1
0.928537,1.426580,1
1.345076,0.734343,1
1.000655,0.021580,1
1.742457,-0.463888,1
0.060522,-0.201439,1
1.168508,0.394632,1
0.703204,-0.642780,1
2.266932,-2.480048,1
2.876402,-0.370587,1
1.190118,0.273782,1
2.727988,-0.735663,1
0.416935,-1.580179,1
1.559849,2.541173,1
-0.308871,1.585663,1
1.315859,-0.254901,1
0.824416,0.876022,1
-0.504486,1.237780,1
1.733006,1.004468,1
1.591823,0.745728,1
0.764297,2.354834,1
1.870682,-0.150087,1
-0.211128,0.350530,1
0.092284,0.159345,1
1.629185,-1.465506,1
1.189820,1.264906,1
0.806133,-0.166086,1
1.473999,1.847363,1
1.510981,1.450549,1
-0.173110,0.576827,1
0.382801,0.890685,1
1.219224,1.495261,1
0.053415,0.186116,1
1.831054,0.523712,1
0.982372,0.979662,1
0.268628,-1.543005,1
1.965739,-0.616481,1
1.908300,-0.170967,1
0.507403,1.332101,1
0.218025,-1.009007,1
2.533687,-1.368631,1
1.445101,0.277998,1
