0.368064,0.715265,0
0.594850,0.593169,1
0.288198,0.656360,0
-0.124945,-0.148618,1
-0.376100,0.621262,0
-0.206030,-0.009389,1
-0.830879,0.313130,0
0.844569,-0.221630,1
-0.796682,-0.422337,0
0.454528,-0.720878,1
-0.373342,-0.925432,0
-0.899225,0.419436,1
-0.267434,-0.918440,0
0.048267,-0.869195,1
0.294193,0.541902,0
0.295679,-0.709602,1
0.639993,-0.249793,0
-0.175225,-0.184994,1
-0.119509,0.796381,0
-0.070531,0.926041,1
0.300141,-0.921957,0
-0.030243,-0.130206,1
0.684800,0.335368,0
0.545257,-0.434710,1
0.132527,-0.938781,0
-0.228127,-0.053856,1
0.091463,-0.882649,0
-0.259987,-0.595758,1
0.698698,-0.059526,0
0.757549,-0.331545,1
-0.537013,0.495068,0
0.335959,0.938695,1
-0.293705,0.139770,0
-0.154451,-0.016445,1
0.617533,-0.015422,0
0.927909,0.360833,1
-0.879643,0.263868,0
0.299528,-0.614946,1
0.339840,0.642464,0
-0.217766,0.504148,1
0.776838,-0.587218,0
0.297502,0.369144,1
0.021807,-0.117563,0
0.404956,-0.027709,1
0.508382,0.568486,0
0.736727,0.292817,1
0.654877,0.034228,0
-0.338039,0.406651,1
-0.950613,-0.267307,0
0.404363,-0.603665,1
0.525517,0.361584,0
0.337522,0.170260,1
-0.160987,0.626611,0
0.781692,0.006033,1
-0.206806,0.730674,0
-0.262573,-0.599677,1
0.356074,-0.512047,0
0.154750,0.368140,1
0.562939,-0.144225,0
-0.150587,0.615505,1
-0.081345,0.646070,0
0.811804,-0.091444,1
-0.174060,-0.480673,0
0.868165,0.349324,1
-0.013678,-0.535744,0
0.009983,-0.704938,1
0.071927,-0.617022,0
-0.478751,0.482083,1
-0.202672,0.259445,0
0.115147,-0.782884,1
0.153646,0.826868,0
0.224444,0.301107,1
-0.285338,-0.241991,0
0.140987,-0.634882,1
0.516679,-0.323690,0
-0.583183,0.098275,1
-0.233055,0.808096,0
-0.135902,0.564273,1
-0.635035,0.585599,0
0.398344,0.079627,1
-0.656392,-0.576295,0
-0.133784,0.484595,1
-0.211178,-0.356613,0
-0.345369,-0.694499,1
-0.656571,0.478089,0
-0.689094,-0.239754,1
-0.423635,0.077851,0
-0.431658,0.440463,1
-0.357876,0.635883,0
0.419707,-0.576486,1
-0.760570,-0.357229,0
-0.436985,0.404401,1
0.665737,0.426452,0
-0.172325,0.479209,1
-0.841105,0.205912,0
-0.271000,-0.754400,1
-0.362094,-0.779390,0
-0.064715,0.421122,1
0.152503,-0.442088,0
-0.235841,-0.765438,1
0.181809,0.251479,0
0.396731,0.165361,1
-0.303755,-0.030103,0
0.245680,-0.826196,1
-0.726518,0.543129,0
0.732052,-0.398667,1
-0.247060,0.216598,0
-0.326529,0.892966,1
-0.059446,0.369715,0
-0.137138,-0.784510,1
0.001244,0.253881,0
0.172294,0.888609,1
0.364490,0.445776,0
0.431738,0.096541,1
0.592752,-0.116996,0
0.369000,-0.654308,1
-0.043448,-0.574098,0
0.679340,0.446050,1
0.332278,-0.392518,0
0.133280,-0.727168,1
0.250023,0.131250,0
0.019859,0.533616,1
-0.201794,0.251809,0
-0.378348,0.525154,1
-0.028797,0.257722,0
0.541307,-0.696519,1
-0.329270,0.064634,0
-0.179157,0.920753,1
-0.804116,-0.010030,0
-0.656930,0.215743,1
-0.476414,-0.788837,0
0.376653,-0.075429,1
-0.888583,-0.388774,0
-0.613960,-0.067740,1
0.797668,-0.554184,0
0.086213,0.465008,1
0.599559,0.212578,0
-0.078533,0.959529,1
0.240724,-0.608125,0
-0.166513,0.509430,1
-0.217044,0.286026,0
0.867951,-0.255648,1
-0.511224,-0.854217,0
0.765939,-0.374075,1
-0.414546,0.203621,0
0.491349,-0.021053,1
-0.131190,0.354867,0
0.677362,0.690932,1
0.210932,0.625451,0
-0.584822,-0.375241,1
-0.512659,-0.818883,0
0.527211,0.822805,1
-0.777014,0.351923,0
0.706660,-0.205103,1
-0.850236,0.420620,0
-0.733598,-0.180435,1
-0.076570,0.690779,0
0.456004,0.791953,1
0.526918,0.109862,0
-0.067333,0.600333,1
0.950550,-0.304486,0
-0.080121,0.082068,1
0.032057,-0.400770,0
0.258933,0.359193,1
-0.898494,-0.145339,0
-0.216878,0.024936,1
-0.454560,-0.760874,0
0.126486,-0.718344,1
-0.843020,-0.091673,0
0.437309,0.109236,1
-0.603172,0.387859,0
-0.208830,-0.591949,1
0.002952,0.823227,0
0.007281,-0.738115,1
0.061491,0.125752,0
0.786747,0.005474,1
-0.325749,-0.422083,0
0.856211,-0.035201,1
-0.888721,-0.388455,0
-0.524057,0.030544,1
0.413167,-0.404565,0
-0.495504,-0.645722,1
-0.810304,-0.269714,0
0.695085,-0.385012,1
0.113470,0.316487,0
0.293466,-0.249068,1
-0.203161,-0.919635,0
0.000400,0.411139,1
0.288456,-0.886130,0
-0.272374,0.336891,1
0.104660,-0.078799,0
-0.163323,0.911859,1
-0.486203,0.557797,0
0.366165,0.338129,1
0.149592,0.751445,0
0.556243,-0.739477,1
0.205070,-0.565910,0
-0.659908,-0.219502,1
-0.935443,-0.146110,0
-0.434940,-0.617043,1
0.682671,0.143785,0
0.266043,-0.028826,1
-0.784017,0.475347,0
-0.043609,0.045986,1
0.480076,-0.223050,0
-0.058041,0.544633,1
0.630840,0.280254,0
0.663211,0.747257,1
-0.872874,0.384297,0
-0.471918,-0.405844,1
0.565329,0.540260,0
0.269471,-0.318393,1
0.222868,-0.599997,0
-0.528021,-0.297056,1
-0.752423,-0.192207,0
0.003693,-0.642597,1
-0.936095,-0.201575,0
0.805152,0.333376,1
0.480032,-0.466538,0
0.287897,-0.165841,1
-0.289656,0.251043,0
0.144677,0.933212,1
-0.363844,-0.172001,0
0.635792,0.724786,1
-0.422075,-0.360515,0
-0.024189,-0.842425,1
-0.310167,-0.219037,0
0.314424,-0.221152,1
0.004024,-0.975232,0
0.765358,-0.405864,1
0.477869,-0.855273,0
-0.573184,-0.266520,1
0.265435,-0.479515,0
-0.321940,0.314721,1
-0.052141,-0.511390,0
-0.638599,-0.022251,1
-0.086483,0.167620,0
0.255825,0.916508,1
0.195434,0.179962,0
0.168629,0.877995,1
-0.802624,-0.299048,0
0.868572,0.407230,1
0.502278,0.180918,0
0.126590,0.949456,1
0.483792,-0.300633,0
-0.541639,-0.225262,1
0.339616,-0.333030,0
0.885631,0.208187,1
0.337365,0.666581,0
-0.684781,0.145132,1
-0.322763,0.836992,0
-0.514558,0.288141,1
0.100866,0.135110,0
0.097308,-0.304004,1
-0.795048,0.290732,0
0.160835,0.530090,1
0.149445,0.245953,0
0.483814,-0.000116,1
-0.327306,-0.471006,0
0.911612,0.064144,1
-0.814174,0.422252,0
0.504975,-0.688775,1
0.557178,-0.356864,0
-0.685950,-0.368969,1
0.193944,-0.387322,0
-0.002062,0.379770,1
0.594012,0.185320,0
-0.599665,-0.239454,1
-0.915034,0.165728,0
0.863901,0.105084,1
-0.367970,-0.000562,0
0.053564,0.584279,1
-0.147179,0.249633,0
0.356837,-0.062213,1
-0.584639,-0.768990,0
0.769178,0.187341,1
0.559786,-0.147665,0
0.046101,-0.827558,1
-0.348140,0.053203,0
0.701447,0.711737,1
0.550048,0.255127,0
-0.009244,0.619369,1
0.031610,-0.963143,0
0.463398,0.149021,1
0.567574,0.318738,0
-0.677333,0.719971,1
-0.837465,-0.018245,0
-0.398876,0.287262,1
0.190148,-0.607064,0
-0.029268,-0.719792,1
-0.194136,-0.565870,0
-0.264946,0.522800,1
-0.949120,0.105680,0
-0.534958,0.241028,1
0.498615,0.435774,0
0.521236,-0.695521,1
0.092514,-0.972896,0
0.088634,-0.756005,1
-0.176294,0.633293,0
0.618308,-0.609727,1
0.228543,-0.966906,0
-0.152531,-0.272842,1
0.031637,0.338772,0
0.365876,-0.592195,1
-0.046656,0.191853,0
-0.248954,0.883464,1
-0.015278,-0.530723,0
-0.110431,-0.005806,1
0.362900,0.579479,0
0.697209,-0.317929,1
0.703631,0.063085,0
0.263630,-0.068115,1
0.687347,0.356691,0
-0.745159,-0.021067,1
0.519216,0.599734,0
0.420418,0.289308,1
0.547740,0.344955,0
-0.591960,0.794983,1
0.323148,-0.411122,0
0.838204,-0.413222,1
-0.745761,0.208110,0
0.121579,-0.751550,1
-0.646247,0.319421,0
-0.587460,0.774171,1
-0.391271,0.072675,0
-0.401653,0.434003,1
-0.586647,0.698021,0
-0.198801,0.509063,1
-0.011808,-0.597372,0
-0.587904,-0.094322,1
0.530420,0.555934,0
-0.346773,-0.630536,1
-0.905915,0.105464,0
0.754425,0.559824,1
0.668327,0.267549,0
-0.210980,-0.678445,1
-0.020056,0.181778,0
0.231797,0.931300,1
0.590924,0.204136,0
0.434255,-0.543156,1
0.035517,-0.557035,0
0.717957,-0.309443,1
-0.327309,0.748521,0
-0.129489,-0.163870,1
0.381555,0.574459,0
-0.191577,0.056108,1
0.499073,0.366471,0
0.088451,0.875617,1
-0.838621,0.238864,0
-0.713228,-0.021161,1
-0.416874,-0.901990,0
-0.191267,0.391550,1
0.291235,-0.337429,0
-0.656775,0.146546,1
-0.620638,-0.581781,0
0.939226,-0.067892,1
-0.323019,-0.123466,0
-0.329545,-0.571323,1
-0.686997,0.605859,0
0.789785,-0.343772,1
-0.247595,-0.830852,0
0.154859,-0.721731,1
-0.475651,0.606310,0
-0.331654,0.843743,1
0.130179,-0.477918,0
-0.300044,-0.674263,1
-0.212355,0.774403,0
0.227721,0.942504,1
0.061912,-0.989079,0
0.093029,-0.271004,1
-0.664694,-0.584494,0
0.461120,0.116332,1
-0.425661,0.799331,0
-0.814270,0.565555,1
0.632940,-0.690761,0
-0.878659,0.425000,1
-0.852764,0.214370,0
-0.221615,0.440445,1
-0.359003,-0.035885,0
0.005999,0.069493,1
-0.967918,0.008162,0
0.820169,0.291712,1
0.186108,0.121633,0
-0.524937,0.020115,1
-0.750924,0.253448,0
-0.539440,-0.109927,1
-0.782436,0.466559,0
0.807618,0.006362,1
-0.765131,0.159000,0
-0.549287,-0.250649,1
0.132830,0.285484,0
-0.694400,-0.189149,1
0.700924,0.078904,0
0.275025,-0.685440,1
-0.308622,0.082643,0
0.320922,0.121154,1
-0.077657,0.335446,0
-0.494896,0.157212,1
0.212251,-0.054841,0
-0.129611,-0.704099,1
-0.719301,-0.457041,0
0.145795,-0.214198,1
-0.846124,0.167379,0
0.049197,0.888002,1
0.095575,0.290656,0
-0.611069,0.037724,1
0.212592,-0.433501,0
-0.646576,-0.341836,1
-0.207455,-0.946405,0
-0.033984,-0.116194,1
-0.948814,0.056407,0
0.179072,-0.678115,1
-0.976095,-0.126670,0
0.179388,0.536274,1
-0.784466,-0.447577,0
0.376651,-0.777256,1
-0.638790,-0.744854,0
0.026666,0.436009,1
-0.713140,0.512511,0
-0.574309,0.382007,1
-0.190157,0.225983,0
0.243853,0.939936,1
-0.185729,-0.481503,0
0.614130,-0.677176,1
-0.608235,0.619486,0
0.001492,0.993744,1
-0.084537,0.811335,0
-0.017612,-0.299144,1
-0.656095,0.652913,0
-0.491299,0.348592,1
0.350104,0.752553,0
0.288529,0.253032,1
-0.245700,0.310999,0
-0.269379,0.537846,1
0.639464,0.103606,0
0.426430,0.872521,1
0.467086,0.605440,0
0.685907,-0.313187,1
0.299120,-0.331705,0
0.591145,0.654965,1
-0.382777,0.580534,0
-0.165872,-0.589485,1
0.581780,0.350943,0
0.208061,-0.742811,1
0.223010,0.729676,0
0.346047,0.193510,1
-0.419153,-0.880097,0
-0.520478,0.365825,1
0.092678,-0.591978,0
0.025504,0.594917,1
0.106400,0.164209,0
0.284113,-0.607372,1
0.715703,-0.045269,0
0.765619,0.425745,1
-0.827436,-0.147318,0
0.447634,0.278964,1
-0.033790,0.301004,0
0.946539,0.272059,1
-0.729944,-0.438501,0
0.921854,0.152624,1
0.784774,-0.546105,0
0.879640,-0.349842,1
0.010179,-0.980975,0
0.297989,-0.708328,1
-0.304248,0.256082,0
0.011716,-0.360455,1
0.097358,0.194394,0
0.458593,0.170844,1
0.067345,-0.005149,0
0.033575,0.587107,1
-0.846955,0.028416,0
0.762851,-0.351121,1
-0.889905,0.097079,0
-0.447848,0.317291,1
-0.714530,0.529135,0
-0.238031,0.444807,1
0.540837,-0.127936,0
-0.041814,-0.799468,1
-0.718426,-0.389059,0
0.275412,0.203114,1
-0.244487,-0.850959,0
-0.403146,0.455491,1
-0.756109,0.335767,0
0.189045,0.925848,1
0.843999,-0.499010,0
-0.192411,0.492378,1
0.223093,0.652128,0
-0.121494,-0.600388,1
-0.356795,0.634019,0
-0.451347,0.240059,1
-0.424174,-0.721444,0
0.908493,0.018913,1
-0.425048,0.601403,0
-0.234239,-0.048332,1
-0.396204,-0.045562,0
0.779269,0.482302,1
0.502685,0.614027,0
0.766606,0.504273,1
0.540037,0.104919,0
0.840071,0.216400,1
0.093773,-0.556133,0
0.295516,0.042490,1
0.248321,-0.877163,0
-0.553335,0.039161,1
0.533517,-0.143115,0
0.745288,0.361159,1
-0.002116,0.700876,0
0.197974,-0.753794,1
-0.361149,-0.057217,0
0.130314,-0.872619,1
0.094006,0.159540,0
-0.150061,0.476315,1
0.574738,0.175640,0
0.544653,0.619782,1
-0.279405,0.094475,0
-0.357580,0.850909,1
0.221855,0.736426,0
-0.229714,0.400194,1
0.101053,-0.386713,0
-0.112834,-0.062007,1
-0.793345,-0.550741,0
0.432131,0.266857,1
-0.025000,-0.524191,0
-0.731500,0.037959,1
0.264687,-0.349629,0
0.004760,0.471342,1
0.099630,-0.498976,0
-0.075307,0.602071,1
-0.764511,-0.525321,0
0.634008,-0.432819,1
-0.718936,-0.370364,0
-0.353480,0.293439,1
-0.072681,0.794299,0
0.272843,0.932079,1
-0.566898,-0.809666,0
0.235773,0.459965,1
-0.325309,0.069811,0
0.379315,0.076556,1
-0.814416,-0.009354,0
0.258433,0.522371,1
-0.809037,-0.369517,0
-0.158470,0.426735,1
0.101504,-0.953416,0
0.110607,0.445630,1
-0.016984,0.296191,0
-0.563724,0.212887,1
-0.400585,-0.017580,0
0.784516,0.095962,1
-0.547817,-0.622707,0
0.824811,0.094447,1
-0.505294,-0.805111,0
0.623848,-0.364048,1
-0.827164,0.050613,0
0.808632,0.064808,1
-0.952772,0.103424,0
0.504010,-0.500589,1
-0.367545,0.820868,0
-0.417111,-0.558914,1
0.432315,-0.514063,0
0.613668,-0.629621,1
-0.151254,-0.963091,0
-0.059396,-0.127661,1
0.106953,0.826280,0
-0.225864,0.956087,1
-0.240816,0.779357,0
-0.734706,0.628283,1
0.705550,-0.091791,0
-0.523349,-0.069755,1
0.494970,-0.136631,0
-0.522492,0.108639,1
-0.156339,-0.917505,0
-0.160331,-0.757529,1
-0.798014,-0.224406,0
0.971377,-0.038830,1
-0.445049,-0.719393,0
0.152669,-0.179755,1
0.728454,-0.614459,0
0.788465,0.223424,1
-0.667937,-0.517342,0
-0.561878,0.175724,1
0.491090,0.404822,0
-0.110348,-0.073808,1
0.301898,-0.464602,0
0.813280,0.503884,1
0.310991,0.784657,0
-0.524057,-0.585359,1
-0.640306,-0.735592,0
0.638065,0.608604,1
-0.908737,-0.031497,0
0.145851,-0.343584,1
0.563133,-0.404822,0
-0.696675,-0.134969,1
0.130576,-0.883395,0
0.901261,-0.166031,1
0.192043,0.046402,0
-0.343344,-0.693390,1
-0.200679,-0.282107,0
-0.188054,-0.637546,1
0.227485,-0.556352,0
-0.114785,0.133138,1
0.099663,-0.117940,0
0.340713,0.001737,1
-0.358840,0.249690,0
0.249930,0.415087,1
-0.846066,-0.072148,0
0.929590,-0.118524,1
-0.255662,-0.346250,0
-0.146115,0.975531,1
-0.889505,-0.132185,0
0.215191,-0.864658,1
-0.742361,0.455508,0
-0.159021,-0.123851,1
-0.825520,0.257664,0
-0.002379,-0.655719,1
-0.280679,-0.468559,0
0.452573,-0.533940,1
-0.159614,0.147074,0
0.844862,0.350216,1
0.485113,-0.373264,0
0.353076,0.771302,1
-0.081624,-0.468363,0
0.402443,-0.024734,1
-0.162597,-0.315045,0
-0.682425,-0.075443,1
0.489349,-0.434189,0
-0.507101,0.355281,1
-0.613459,-0.680356,0
-0.132531,-0.803331,1
0.176136,0.199199,0
-0.148460,0.601072,1
0.511121,-0.849191,0
0.489109,0.053133,1
-0.385024,0.194155,0
0.187317,-0.727551,1
0.437027,0.475645,0
0.553826,0.732266,1
0.601009,-0.215596,0
-0.695245,-0.074178,1
-0.880023,-0.213745,0
0.952944,0.254899,1
-0.585580,0.636271,0
0.368537,0.221163,1
-0.247350,0.082812,0
0.230586,0.526905,1
0.121655,-0.951593,0
-0.682849,0.209838,1
0.956433,-0.284928,0
0.123430,-0.290916,1
0.112468,0.648413,0
0.120948,-0.634754,1
0.543176,-0.305284,0
-0.317097,0.422046,1
-0.862882,-0.149011,0
0.348421,0.935002,1
0.205005,0.584410,0
0.923256,0.094362,1
0.438790,0.534547,0
-0.120527,0.031745,1
-0.728106,0.576513,0
-0.329126,-0.551853,1
0.184413,-0.890336,0
0.982693,0.103690,1
-0.864565,0.039005,0
-0.046677,-0.760279,1
-0.144076,0.138450,0
0.987761,0.055698,1
-0.341031,0.229952,0
0.392590,0.030477,1
-0.369166,-0.034779,0
0.599531,-0.599893,1
-0.593384,0.459166,0
-0.496787,0.065498,1
0.276771,-0.349050,0
-0.065878,-0.620185,1
-0.067546,-0.572992,0
0.392229,-0.182378,1
-0.741460,-0.231390,0
-0.563395,0.089461,1
0.195231,0.713376,0
0.273943,-0.094751,1
-0.605962,-0.676011,0
-0.598852,-0.427822,1
0.916493,-0.340312,0
0.340788,0.444044,1
-0.288655,-0.479570,0
0.375313,0.134437,1
-0.960314,-0.236215,0
0.335964,-0.110262,1
-0.025026,0.303869,0
-0.703634,0.642347,1
-0.360765,-0.041852,0
0.307006,-0.739348,1
0.395089,-0.878774,0
0.331574,0.434775,1
0.194557,-0.023869,0
-0.102274,0.528339,1
-0.212003,-0.905093,0
-0.566753,0.762972,1
0.398776,-0.504470,0
-0.969212,0.245938,1
-0.581652,0.644744,0
0.079519,-0.183121,1
-0.945259,-0.044872,0
-0.969513,0.210883,1
0.633015,-0.012111,0
0.943017,0.268480,1
-0.062946,0.874276,0
-0.406467,0.234547,1
-0.336190,-0.368014,0
0.363979,-0.244875,1
0.321994,0.598041,0
-0.178899,-0.777150,1
0.495100,0.613199,0
-0.498331,-0.373492,1
0.200786,0.646034,0
0.448759,-0.789960,1
0.518451,-0.291532,0
0.073153,0.542873,1
-0.368014,-0.431747,0
0.156071,0.894514,1
0.206401,0.657740,0
-0.478977,-0.400327,1
-0.223405,-0.474519,0
0.143192,0.367495,1
0.101308,0.799566,0
0.223164,-0.770807,1
0.380391,0.512385,0
0.906892,0.287039,1
0.760899,-0.572086,0
-0.046605,-0.693977,1
-0.546784,0.658067,0
0.565112,0.593713,1
0.449851,0.521805,0
-0.090314,-0.326984,1
-0.800334,-0.274669,0
0.721249,0.643224,1
-0.191834,-0.853377,0
-0.057927,-0.165667,1
-0.250606,0.141739,0
0.559664,-0.547990,1
-0.711507,-0.702628,0
0.241828,0.881956,1
-0.165561,-0.391645,0
-0.464354,0.160073,1
-0.698188,0.308124,0
0.737050,-0.409695,1
-0.871289,-0.452532,0
0.277868,-0.322070,1
-0.438046,0.540428,0
-0.083803,0.986436,1
0.255057,-0.501435,0
-0.030430,0.917139,1
-0.688736,-0.448334,0
-0.707616,-0.250143,1
-0.246132,0.744690,0
-0.480318,-0.450317,1
-0.703090,-0.394156,0
0.761716,0.593705,1
-0.283153,-0.918596,0
-0.055988,-0.272678,1
-0.911085,-0.083830,0
-0.061194,-0.280173,1
0.008220,0.711298,0
0.484383,-0.664552,1
-0.356178,-0.817530,0
0.761818,0.609207,1
0.639427,0.235376,0
0.629705,-0.590296,1
0.282552,-0.426282,0
0.137026,0.371467,1
0.489888,0.559943,0
-0.720230,-0.217938,1
-0.373533,0.666920,0
0.772684,0.270290,1
0.316011,0.611208,0
-0.153416,-0.077763,1
-0.843414,-0.523711,0
0.331941,0.439138,1
0.050006,-0.531033,0
-0.031413,-0.691321,1
0.296356,0.697939,0
0.309147,-0.224012,1
-0.367981,0.030166,0
-0.441419,0.190506,1
-0.700915,-0.615845,0
0.724749,-0.585669,1
-0.976790,0.021105,0
-0.654194,0.201278,1
0.074197,-0.910802,0
0.303615,0.938096,1
-0.452997,0.602700,0
0.301384,-0.111966,1
-0.413192,0.026133,0
-0.430328,0.807657,1
-0.377638,0.643869,0
-0.373339,-0.681427,1
-0.743331,0.129101,0
0.860494,-0.230682,1
-0.816048,-0.004206,0
0.521435,-0.529568,1
-0.864869,0.195775,0
0.846331,-0.340972,1
0.493389,-0.426710,0
0.261615,0.526560,1
0.483154,-0.149941,0
0.095696,0.598580,1
-0.964676,-0.169329,0
0.773525,-0.395562,1
-0.374115,-0.073737,0
0.581011,-0.527784,1
0.585291,-0.312652,0
0.937678,0.078680,1
0.260638,0.609081,0
-0.567437,-0.396754,1
-0.343868,0.679880,0
-0.489448,0.236833,1
0.145489,0.096107,0
-0.756411,0.607661,1
-0.384648,-0.818733,0
-0.313659,0.875990,1
-0.186919,-0.390957,0
0.222046,0.941545,1
-0.366999,-0.758998,0
0.025002,0.881393,1
-0.058957,0.273359,0
0.389018,-0.592572,1
-0.369323,-0.325570,0
-0.461923,0.248976,1
0.527942,-0.797126,0
0.246653,-0.619871,1
-0.019711,-0.450878,0
0.463689,0.839526,1
-0.537968,-0.733627,0
-0.643035,0.719493,1
-0.479870,-0.128575,0
-0.421644,0.275521,1
0.169612,0.048194,0
0.687269,-0.366699,1
0.642135,0.097099,0
0.087072,-0.288158,1
-0.568665,0.455299,0
0.168442,-0.765854,1
0.454363,-0.144289,0
-0.132553,-0.657916,1
-0.694312,0.502514,0
-0.400387,-0.439100,1
0.272742,0.545370,0
0.266228,0.258138,1
-0.718597,0.596069,0
0.862244,-0.400292,1
0.160609,0.289860,0
-0.414674,0.524416,1
0.603202,0.289760,0
0.724430,0.529351,1
-0.972523,0.014812,0
-0.091412,-0.845227,1
-0.497453,-0.720137,0
0.640989,-0.360026,1
-0.884238,0.301608,0
0.901840,0.270535,1
0.358693,-0.847936,0
0.166876,0.357340,1
0.108666,-0.396362,0
0.932529,0.321848,1
0.683573,0.175381,0
-0.373830,-0.647061,1
0.475850,0.583036,0
0.316599,-0.787735,1
0.458084,-0.215142,0
0.598435,-0.375040,1
-0.857802,0.293485,0
-0.597284,0.250864,1
0.580846,0.560692,0
0.142219,-0.792984,1
-0.359041,-0.174086,0
-0.232827,0.494531,1
-0.131371,0.305232,0
-0.047061,-0.165598,1
-0.765079,-0.173925,0
0.651989,-0.557887,1
0.382439,0.588918,0
-0.523004,0.159551,1
0.501432,0.542793,0
0.824899,-0.407883,1
0.011213,0.271598,0
-0.031729,-0.313847,1
-0.852521,-0.379740,0
0.048664,0.977537,1
0.367042,0.454004,0
0.058164,0.454459,1
-0.273943,-0.411300,0
-0.244470,-0.126464,1
0.391426,0.613144,0
-0.641556,0.065170,1
0.095108,-0.104978,0
-0.563797,-0.513465,1
-0.342257,-0.398620,0
-0.640125,-0.010292,1
-0.236970,-0.281681,0
0.452082,0.214722,1
0.120139,0.248959,0
0.801365,-0.468597,1
-0.788281,0.490997,0
0.928117,-0.233436,1
0.006312,0.811149,0
0.786139,0.208507,1
-0.576771,-0.627198,0
0.179001,-0.711455,1
-0.100139,0.198431,0
0.964995,-0.115824,1
0.115970,0.721267,0
0.532415,0.705107,1
-0.816161,0.021715,0
-0.065008,0.969978,1
-0.439543,0.695380,0
0.983925,-0.096100,1
-0.959398,-0.127283,0
0.448660,-0.589219,1
-0.169787,0.761423,0
-0.025953,0.027795,1
-0.828779,-0.505504,0
0.142053,0.450074,1
-0.087234,0.769010,0
-0.185884,-0.654564,1
-0.013694,0.179133,0
-0.441181,-0.527057,1
-0.898305,0.007970,0
-0.481442,0.456734,1
0.637972,-0.211524,0
0.714527,-0.298232,1
-0.773295,-0.351496,0
0.380659,-0.222269,1
-0.443472,0.087346,0
-0.834978,0.479202,1
-0.426904,-0.203760,0
-0.109860,-0.624032,1
0.164443,-0.532539,0
-0.476977,0.275475,1
0.408197,-0.469710,0
0.326530,0.268542,1
-0.173992,0.672155,0
-0.027363,-0.232717,1
0.433255,0.517278,0
0.005589,0.415695,1
-0.912679,0.329773,0
0.045920,-0.784378,1
-0.596999,0.490718,0
0.433506,0.109036,1
0.013621,0.195036,0
-0.616366,0.758197,1
0.414071,-0.866110,0
-0.113815,-0.137637,1
-0.027749,0.664107,0
0.177902,-0.668684,1
-0.096336,0.788632,0
-0.672420,0.004262,1
-0.030024,0.741651,0
0.138152,0.856161,1
0.573597,0.016006,0
-0.179470,0.529692,1
0.045971,0.798583,0
0.414088,0.373551,1
-0.188106,0.180118,0
-0.186789,0.900833,1
0.227988,0.633741,0
0.430525,-0.055656,1
-0.866310,0.240226,0
0.863524,0.179661,1
0.038809,0.277613,0
-0.446788,0.841654,1
-0.167155,0.124556,0
-0.551356,0.054672,1
0.046805,0.667045,0
-0.055342,-0.722331,1
-0.774548,0.463235,0
0.017275,-0.292208,1
-0.625163,0.610358,0
0.254970,0.495692,1
-0.388695,0.200428,0
0.147577,-0.776718,1
0.120325,-0.022848,0
0.684943,0.456005,1
0.452016,-0.390814,0
-0.555048,0.342149,1
0.251778,0.746010,0
-0.276838,0.543057,1
0.062750,0.847161,0
0.019814,0.491081,1
0.152266,0.808314,0
0.885584,0.216654,1
-0.333499,-0.241690,0
0.422304,-0.660370,1
0.216906,0.017336,0
0.575658,0.675525,1
-0.768439,0.461241,0
0.303229,-0.036299,1
-0.719290,-0.316034,0
-0.207249,-0.701016,1
0.316319,-0.492884,0
0.694448,-0.600921,1
